563
1263
1328
1675
2916
3132
3265
3493
3890
4367
4435
4757
5047
5279
5429
6016
6227
6479
6655
6886
7076
7175
7268
7860
8022
8262
8343
8462
8568
8740
9707
10636
10773
11334
12235
12515
12732
13419
14189
15611
15801
15932
18802
18850
19075
19680
20906
21049
21450
21483
21815
22009
22481
23802
24154
24323
25037
25321
25427
26316
26432
26634
26921
27092
27191
27425
27503
27504
27874
28034
28221
28398
28476
28690
28953
29201
29307
29684
30075
30365
31266
31525
31932
32006
32350
32863
32958
33989
34200
34309
34445
35127
35354
35714
36111
36409
36541
36892
37028
37304
37552
37567
38144
38857
39023
39779
39994
41983
41996
42636
42670
43235
43244
43483
43489
43571
43724
44351
44828
44897
