2
13
58
82
91
246
284
301
395
574
664
831
1121
1137
1156
1227
1341
1563
1601
1649
1760
1782
1851
1898
2004
2010
2243
2270
2307
2585
2936
3076
3088
3174
3232
3282
3350
3364
3391
3481
3487
3529
3601
3658
3691
3759
3869
3971
4028
4137
4292
4715
4741
4745
4822
4886
4938
5052
5146
5150
5182
5204
5239
5249
5475
5536
5635
5698
5857
5884
6016
6133
6239
6280
6297
6338
6406
6410
6411
6425
6461
6498
6520
6525
6673
6759
6783
6790
6890
6901
6905
6979
6985
7069
7152
7363
7379
7498
7598
7605
7747
7784
8133
8191
8269
8319
8343
8399
8400
8417
8427
8433
8510
8596
8635
8713
8751
8873
8914
8940
