34
125
151
296
336
341
489
641
658
815
892
1065
1124
1216
1398
1595
1679
1704
1767
1933
2022
2464
2512
2977
2997
3055
3167
3256
3471
3488
3515
3703
3734
3758
3805
3835
3988
4019
4068
4122
4153
4163
4275
4310
4315
4318
4369
4528
4530
4733
4879
4929
4993
5026
5087
5113
5150
5176
5322
5410
5653
5659
5715
5781
5801
5879
6324
6777
6811
6895
7076
7171
7461
7531
7542
7638
7646
7965
8045
8159
8212
8355
8365
8454
8640
8764
8988
8992
9095
9220
9279
9327
9338
9449
9499
9614
9679
9852
9992
10135
10201
10212
10290
10318
10492
10499
10610
10652
10738
10966
11149
11362
11377
11409
11483
11543
11574
11590
11765
11773
