12
32
33
46
54
70
72
76
84
92
104
125
139
196
202
275
286
320
341
348
367
380
392
418
431
441
445
472
480
574
623
630
633
641
670
684
685
718
818
875
884
886
919
923
927
966
1006
1028
1079
1254
1270
1272
1296
1298
1330
1368
1371
1416
1427
1452
1570
1642
1651
1653
1672
1707
1720
1730
1762
1786
1788
1806
1807
1809
1865
1960
1980
2034
2060
2130
2132
2162
2166
2184
2187
2234
2264
2274
2338
2347
2480
2540
2542
2563
2578
2595
2597
2611
2626
2637
2655
2682
2686
2712
2713
2748
2791
2799
2827
2901
2951
2958
2961
2975
2981
3031
3066
3073
3086
3187
