670
1192
1319
1679
2502
3394
4105
4189
4375
5309
5510
5597
6577
6734
6855
7393
8161
8740
8815
9010
9444
9567
9611
10332
10905
11214
11405
11667
11804
11976
13219
13272
14699
14956
15223
15408
15420
15597
16111
16602
16837
17134
17410
17465
17476
17964
18182
18240
18415
18803
19645
20080
20202
20630
20731
20855
20945
21087
21596
21694
22385
22820
23079
23346
23401
24049
24796
25350
26142
26264
26470
26523
26737
26795
29411
29919
30019
30262
30689
31451
31972
32150
32233
34038
34775
34831
36102
36486
36707
36973
37177
37223
37275
37308
37587
37641
37774
38025
38665
38830
39006
39110
39777
39946
40035
40038
40226
40270
40328
40603
40956
41241
41316
41835
42108
42261
42865
42910
43013
44447
